180.89	0.00162	400.19587	0.00247	337.47454	0	180.89
181.26	0.00187	401.47792	0.00255	352.13849	0.02932	181.26
181.63	0.00162	402.72436	0.00342	366.80244	0.06189	181.63
182	0.00219	403.9886	0.00462	386.35438	0.10749	182
182.37	0.00258	405.25285	0.00573	397.75967	0.13681	182.37
182.75	0.0024	406.51709	0.00677	410.7943	0.15635	182.75
183.12	0.00233	407.78134	0.0078	420.57026	0.18241	183.12
183.49	0.00233	409.04558	0.00883	431.97556	0.20847	183.49
183.86	0.00208	410.29202	0.01003	441.75153	0.22801	183.86
184.23	0.00127	411.55627	0.01122	449.89817	0.2443	184.23
184.6	0.00106	412.82051	0.01242	462.93279	0.27362	184.6
184.97	4.22507E-4	414.06695	0.01369	474.33809	0.29316	184.97
185.35	4.59569E-4	415.31339	0.01496	489.00204	0.31596	185.35
185.72	6.67116E-4	416.55983	0.01624	503.66599	0.34528	185.72
186.09	7.4124E-4	417.80627	0.01759	516.70061	0.36482	186.09
186.46	0.00113	419.05271	0.01902	534.62322	0.39088	186.46
186.83	0.00152	420.29915	0.02053	550.9165	0.41694	186.83
187.2	0.00173	421.52778	0.02205	565.58045	0.43974	187.2
187.57	0.00187	422.75641	0.02364	585.13238	0.46906	187.57
187.95	0.0019	423.98504	0.02523	599.79633	0.49186	187.95
188.32	0.0019	425.21368	0.0269	620.9776	0.52443	188.32
188.69	0.00205	426.4245	0.02865	637.27088	0.55049	188.69
189.06	0.00201	427.63533	0.03048	656.82281	0.5798	189.06
189.43	0.00159	428.84615	0.03239	679.6334	0.61564	189.43
189.8	0.00173	430.05698	0.03422	695.92668	0.64169	189.8
190.17	0.00166	431.26781	0.03613	713.84929	0.67427	190.17
190.54	0.0019	432.46083	0.0382	735.03055	0.7101	190.54
190.91	0.00166	433.65385	0.04027	743.17719	0.72638	190.91
191.29	0.00145	434.84687	0.04234	756.21181	0.75244	191.29
191.66	0.00155	436.03989	0.04441	770.87576	0.77524	191.66
192.03	0.0019	437.2151	0.04656	795.31568	0.80782	192.03
192.4	0.0019	438.42593	0.04863	813.23829	0.83062	192.4
192.77	0.00244	439.63675	0.05062	837.67821	0.86319	192.77
193.14	0.00212	440.84758	0.05253	853.97149	0.87948	193.14
193.51	0.00159	442.0584	0.05436	868.63544	0.89902	193.51
193.88	0.00162	443.28704	0.05611	893.07536	0.92508	193.88
194.25	0.00145	444.51567	0.05786	909.36864	0.94463	194.25
194.63	8.82076E-4	445.7265	0.05961	927.29124	0.96417	194.63
195	3.85445E-4	446.95513	0.06137	945.21385	0.98371	195
195.37	1.40836E-4	448.16595	0.0632	961.50713	0.99674	195.37
195.74	3.18733E-4	449.37678	0.06503	976.17108	1	195.74
196.11	8.82076E-4	450.58761	0.06694	989.2057	0.99023	196.11
196.48	7.78302E-4	451.78063	0.06901	998.98167	0.96417	196.48
196.85	7.4124E-4	452.95584	0.07139	1012.01629	0.90879	196.85
197.22	0.0012	454.09544	0.07386	1021.79226	0.83062	197.22
197.59	0.00148	455.23504	0.07649	1028.30957	0.76221	197.59
197.96	9.562E-4	456.33903	0.07935	1036.45621	0.69381	197.96
198.33	9.19138E-4	457.44302	0.0823	1042.97352	0.62215	198.33
198.7	0.00124	458.5114	0.0854	1049.49084	0.53094	198.7
199.08	0.00187	459.56197	0.08867	1059.2668	0.44625	199.08
199.45	0.00184	460.59473	0.09209	1064.15479	0.36482	199.45
199.82	0.00184	461.60969	0.09567	1070.6721	0.28664	199.82
200.19	0.00184	462.60684	0.09933	1080.44807	0.21498	200.19
200.56	0.00286	463.58618	0.10299	1085.33605	0.14332	200.56
200.93	0.00254	464.52991	0.10689	1091.85336	0.09121	200.93
201.3	0.00226	465.43803	0.11087	1096.74134	0.0228	201.3
201.67	0.00141	466.31054	0.11501	--	--	201.67
202.04	0.00145	467.14744	0.11939	--	--	202.04
202.41	0.00155	467.94872	0.12385	--	--	202.41
202.78	0.00201	468.73219	0.12838	--	--	202.78
203.15	0.00162	469.53348	0.13284	--	--	203.15
203.52	0.00159	470.35256	0.13722	--	--	203.52
203.89	0.00205	471.18946	0.1416	--	--	203.89
204.26	0.00258	472.04416	0.14589	--	--	204.26
204.63	0.00226	472.88105	0.15019	--	--	204.63
205.01	0.00226	473.75356	0.15441	--	--	205.01
205.38	0.00215	474.64387	0.15855	--	--	205.38
205.75	0.00155	475.51638	0.16277	--	--	205.75
206.12	0.00205	476.38889	0.16691	--	--	206.12
206.49	0.00173	477.2614	0.17112	--	--	206.49
206.86	0.00116	478.1339	0.17534	--	--	206.86
207.23	0.00155	479.00641	0.17948	--	--	207.23
207.6	0.00124	479.87892	0.18362	--	--	207.6
207.97	9.562E-4	480.73362	0.18784	--	--	207.97
208.34	0.00127	481.55271	0.1923	--	--	208.34
208.71	0.00116	482.37179	0.19675	--	--	208.71
209.08	0.00152	483.17308	0.20113	--	--	209.08
209.45	0.00152	483.97436	0.20567	--	--	209.45
209.82	0.00159	484.74003	0.2102	--	--	209.82
210.19	0.00201	485.5057	0.21482	--	--	210.19
210.56	0.00233	486.23575	0.2196	--	--	210.56
210.93	0.0024	486.96581	0.22429	--	--	210.93
211.3	0.00265	487.69587	0.22899	--	--	211.3
211.67	0.00215	488.37251	0.23384	--	--	211.67
212.04	0.00254	489.01353	0.23878	--	--	212.04
212.41	0.00226	489.65456	0.24371	--	--	212.41
212.78	0.00219	490.31339	0.24873	--	--	212.78
213.15	0.00162	490.95442	0.25374	--	--	213.15
213.52	0.00201	491.54202	0.25883	--	--	213.52
213.89	0.00166	492.11182	0.26393	--	--	213.89
214.26	0.00145	492.66382	0.26902	--	--	214.26
214.63	0.00159	493.19801	0.27428	--	--	214.63
215	0.00134	493.73219	0.27945	--	--	215
215.37	0.0013	494.24858	0.2847	--	--	215.37
215.74	0.00159	494.74715	0.29004	--	--	215.74
216.11	0.00145	495.22792	0.29529	--	--	216.11
216.48	0.00138	495.70869	0.30062	--	--	216.48
216.85	0.00198	496.17165	0.30595	--	--	216.85
217.22	0.0019	496.599	0.31145	--	--	217.22
217.59	0.00229	497.02635	0.31686	--	--	217.59
217.96	0.00194	497.47151	0.32227	--	--	217.96
218.33	0.0019	497.88105	0.32768	--	--	218.33
218.7	0.0018	498.2906	0.33309	--	--	218.7
219.07	0.0019	498.70014	0.33851	--	--	219.07
219.44	0.00162	499.10969	0.344	--	--	219.44
219.81	0.00155	499.50142	0.34941	--	--	219.81
220.18	0.0013	499.89316	0.3549	--	--	220.18
220.55	0.00155	500.30271	0.36032	--	--	220.55
220.92	0.0017	500.67664	0.36581	--	--	220.92
221.29	0.00162	501.05057	0.37138	--	--	221.29
221.66	0.00201	501.4067	0.37687	--	--	221.66
222.03	0.00187	501.78063	0.38236	--	--	222.03
222.39	0.00215	502.11895	0.38785	--	--	222.39
222.76	0.00215	502.43946	0.39343	--	--	222.76
223.13	0.00194	502.77778	0.39892	--	--	223.13
223.5	0.0017	503.1161	0.40449	--	--	223.5
223.87	0.00162	503.4188	0.41006	--	--	223.87
224.24	0.00124	503.7037	0.41563	--	--	224.24
224.61	0.00127	504.00641	0.4212	--	--	224.61
224.98	7.78302E-4	504.30912	0.42677	--	--	224.98
225.35	0.0011	504.61182	0.43235	--	--	225.35
225.72	0.00124	504.87892	0.438	--	--	225.72
226.09	0.00187	505.16382	0.44357	--	--	226.09
226.46	0.00212	505.44872	0.44914	--	--	226.46
226.83	0.00233	505.75142	0.45471	--	--	226.83
227.2	0.00236	506.01852	0.46036	--	--	227.2
227.57	0.0024	506.28561	0.46593	--	--	227.57
227.94	0.00236	506.55271	0.47151	--	--	227.94
228.3	0.00233	506.83761	0.47708	--	--	228.3
228.67	0.0018	507.12251	0.48273	--	--	228.67
229.04	0.00152	507.40741	0.4883	--	--	229.04
229.41	0.00116	507.6567	0.49395			229.41
229.78	0.00106	507.90598	0.4996			229.78
230.15	0.00113	508.19088	0.50517			230.15
230.52	0.00116	508.45798	0.51074			230.52
230.89	0.00166	508.72507	0.5164			230.89
231.26	0.00176	509.00997	0.52197			231.26
231.63	0.00176	509.27707	0.52762			231.63
232	0.00184	509.52635	0.53327			232
232.37	0.00205	509.77564	0.53884			232.37
232.73	0.00198	510.04274	0.54441			232.73
233.1	0.0017	510.30983	0.55006			233.1
233.47	0.00116	510.59473	0.55564			233.47
233.84	0.00124	510.86182	0.56129			233.84
234.21	0.00173	511.11111	0.56694			234.21
234.58	0.00141	511.37821	0.57251			234.58
234.95	0.00127	511.6453	0.57808			234.95
235.32	9.8585E-4	511.9302	0.58373			235.32
235.69	6.37467E-4	512.2151	0.5893			235.69
236.05	8.82076E-4	512.48219	0.59495			236.05
236.42	4.22507E-4	512.73148	0.6006			236.42
236.79	1.03774E-4	512.99858	0.60626			236.79
237.16	6.67116E-4	513.28348	0.61183			237.16
237.53	4.59569E-4	513.55057	0.6174			237.53
237.9	8.07952E-4	513.83547	0.62297			237.9
238.27	0.0011	514.10256	0.62854			238.27
238.64	0.00127	514.36966	0.63411			238.64
239	0.00141	514.65456	0.63976			239
239.37	0.00141	514.95726	0.64534			239.37
239.74	0.00145	515.25997	0.65091			239.74
240.11	0.00162	515.54487	0.65648			240.11
240.48	0.0018	515.79416	0.66213			240.48
240.85	0.00233	516.07906	0.6677			240.85
241.22	0.00184	516.39957	0.67319			241.22
241.58	0.00184	516.70228	0.67876			241.58
241.95	0.00152	516.98718	0.68442			241.95
242.32	0.00145	517.27208	0.68999			242.32
242.69	0.0018	517.59259	0.69556			242.69
243.06	0.00152	517.8953	0.70113			243.06
243.43	0.00106	518.1802	0.7067			243.43
243.79	0.00102	518.48291	0.71227			243.79
244.16	0.00102	518.80342	0.71784			244.16
244.53	0.0012	519.12393	0.72342			244.53
244.9	0.00116	519.44444	0.72899			244.9
245.27	8.07952E-4	519.76496	0.73456			245.27
245.64	9.8585E-4	520.10328	0.74013			245.64
246	0.00134	520.4416	0.7457			246
246.37	0.00176	520.77991	0.75119			246.37
246.74	0.00219	521.11823	0.75669			246.74
247.11	0.00226	521.45655	0.76218			247.11
247.48	0.00187	521.81268	0.76767			247.48
247.85	0.00222	522.1688	0.77316			247.85
248.21	0.00261	522.50712	0.77873			248.21
248.58	0.00244	522.88105	0.78422			248.58
248.95	0.00212	523.25499	0.78972			248.95
249.32	0.0017	523.62892	0.79529			249.32
249.69	0.00148	524.00285	0.80078			249.69
250.05	0.00201	524.37678	0.80619			250.05
250.42	0.00166	524.75071	0.81168			250.42
250.79	0.00113	525.16026	0.8171			250.79
251.16	0.00113	525.55199	0.82259			251.16
251.53	9.562E-4	525.96154	0.828			251.53
251.89	8.45014E-4	526.37108	0.83341			251.89
252.26	9.8585E-4	526.81624	0.83883			252.26
252.63	8.82076E-4	527.24359	0.84424			252.63
253	8.45014E-4	527.67094	0.84965			253
253.36	0.00116	528.1161	0.85506			253.36
253.73	0.0011	528.57906	0.86039			253.73
254.1	0.00116	529.05983	0.86573			254.1
254.47	0.00152	529.5406	0.87106			254.47
254.84	0.00145	530.02137	0.87639			254.84
255.2	0.00166	530.50214	0.88173			255.2
255.57	0.00194	530.98291	0.88706			255.57
255.94	0.00176	531.49929	0.89231			255.94
256.31	0.0017	532.05128	0.89748			256.31
256.67	0.00198	532.60328	0.90274			256.67
257.04	0.0017	533.15527	0.90799			257.04
257.41	0.00176	533.72507	0.91309			257.41
257.78	0.00106	534.31268	0.91818			257.78
258.14	8.45014E-4	534.90028	0.92327			258.14
258.51	6.67116E-4	535.5057	0.92837			258.51
258.88	9.19138E-4	536.14672	0.93338			258.88
259.25	0.00124	536.82336	0.93824			259.25
259.61	0.00148	537.51781	0.94301			259.61
259.98	0.00148	538.21225	0.94787			259.98
260.35	0.00184	538.9245	0.95264			260.35
260.72	0.0013	539.69017	0.95718			260.72
261.08	9.562E-4	540.45584	0.96172			261.08
261.45	0.0012	541.25712	0.96617			261.45
261.82	8.07952E-4	542.09402	0.97055			261.82
262.19	8.45014E-4	542.96652	0.97469			262.19
262.55	0.00138	543.87464	0.97867			262.55
262.92	0.00127	544.81838	0.98249			262.92
263.29	0.00176	545.79772	0.98623			263.29
263.66	0.0024	546.83048	0.98965			263.66
264.02	0.00222	547.91667	0.99268			264.02
264.39	0.00233	549.03846	0.99554			264.39
264.76	0.00194	550.17806	0.99801			264.76
265.12	0.0017	551.37108	1.00008			265.12
265.49	0.0017	552.61752	1.00183			265.49
265.86	0.00187	553.86396	1.0031			265.86
266.23	0.00152	555.12821	1.0035			266.23
266.59	0.00138	556.39245	1.00279			266.59
266.96	9.19138E-4	557.62108	1.00111			266.96
267.33	7.4124E-4	558.7963	0.99881			267.33
267.69	2.81671E-4	559.9359	0.99618			267.69
268.06	1.40836E-4	561.05769	0.99339			268.06
268.43	1.77898E-4	562.14387	0.99029			268.43
268.79	3.85445E-4	563.17664	0.98695			268.79
269.16	4.59569E-4	564.17379	0.98337			269.16
269.53	0.00102	565.15313	0.97962			269.53
269.89	0.00155	566.09687	0.97572			269.89
270.26	0.00152	566.96937	0.97151			270.26
270.63	0.00194	567.80627	0.96721			270.63
270.99	0.00173	568.64316	0.96291			270.99
271.36	0.00176	569.48006	0.95853			271.36
271.73	0.0018	570.26353	0.95408			271.73
272.1	0.00166	571.0114	0.94938			272.1
272.46	0.00134	571.74145	0.94468			272.46
272.83	0.00138	572.47151	0.93999			272.83
273.2	0.00127	573.18376	0.93521			273.2
273.56	0.00127	573.89601	0.93044			273.56
273.93	0.00113	574.57265	0.92558			273.93
274.29	0.00127	575.23148	0.92065			274.29
274.66	0.00134	575.89031	0.91571			274.66
275.03	0.00166	576.53134	0.91078			275.03
275.39	0.00187	577.15456	0.90576			275.39
275.76	0.00229	577.79558	0.90075			275.76
276.13	0.0024	578.43661	0.89573			276.13
276.49	0.00261	579.07764	0.89072			276.49
276.86	0.00289	579.68305	0.88571			276.86
277.23	0.00314	580.27066	0.88053			277.23
277.59	0.00321	580.85826	0.87544			277.59
277.96	0.00311	581.44587	0.87034			277.96
278.33	0.00261	582.01567	0.86525			278.33
278.69	0.00219	582.56766	0.86016			278.69
279.06	0.00222	583.11966	0.85498			279.06
279.42	0.00138	583.67165	0.84981			279.42
279.79	0.00138	584.22365	0.84464			279.79
280.16	0.0012	584.77564	0.83954			280.16
280.52	0.0012	585.29202	0.83437			280.52
280.89	0.0011	585.7906	0.82904			280.89
281.26	0.00145	586.30698	0.82378			281.26
281.62	0.0013	586.82336	0.81861			281.62
281.99	0.0017	587.33974	0.81336			281.99
282.35	0.00134	587.85613	0.8081			282.35
282.72	8.82076E-4	588.3547	0.80277			282.72
283.09	0.00106	588.83547	0.79744			283.09
283.45	8.82076E-4	589.31624	0.79218			283.45
283.82	8.07952E-4	589.79701	0.78685			283.82
284.18	7.4124E-4	590.27778	0.78152			284.18
284.55	9.19138E-4	590.75855	0.77619			284.55
284.92	0.0011	591.22151	0.77077			284.92
285.28	0.00152	591.66667	0.76544			285.28
285.65	0.00152	592.09402	0.76003			285.65
286.01	0.00152	592.53917	0.75462			286.01
286.38	0.00201	593.01994	0.74928			286.38
286.74	0.0019	593.48291	0.74395			286.74
287.11	0.00138	593.92806	0.73854			287.11
287.48	0.00124	594.35541	0.73313			287.48
287.84	0.00173	594.80057	0.72771			287.84
288.21	0.0017	595.26353	0.7223			288.21
288.57	0.00215	595.70869	0.71689			288.57
288.94	0.00198	596.11823	0.71148			288.94
289.3	0.0019	596.54558	0.70606			289.3
289.67	0.00205	596.97293	0.70073			289.67
290.04	0.00229	597.40028	0.69532			290.04
290.4	0.00187	597.82764	0.68991			290.4
290.77	0.00145	598.25499	0.6845			290.77
291.13	0.00162	598.66453	0.67908			291.13
291.5	0.00145	599.09188	0.67367			291.5
291.86	0.00173	599.51923	0.66826			291.86
292.23	0.00162	599.92877	0.66285			292.23
292.59	0.00141	600.33832	0.65743			292.59
292.96	0.00113	600.74786	0.65194			292.96
293.33	0.0017	601.15741	0.64653			293.33
293.69	0.00184	601.56695	0.64112			293.69
294.06	0.00205	601.9765	0.63571			294.06
294.42	0.00233	602.38604	0.63029			294.42
294.79	0.00321	602.79558	0.6248			294.79
295.15	0.00335	603.18732	0.61939			295.15
295.52	0.00377	603.59687	0.6139			295.52
295.88	0.00381	604.00641	0.60848			295.88
296.25	0.00342	604.39815	0.60299			296.25
296.61	0.00328	604.80769	0.59758			296.61
296.98	0.00311	605.19943	0.59209			296.98
297.34	0.00222	605.60897	0.58668			297.34
297.71	0.00226	606.01852	0.58126			297.71
298.07	0.00222	606.42806	0.57585			298.07
298.44	0.00229	606.83761	0.57036			298.44
298.8	0.00198	607.24715	0.56495			298.8
299.17	0.00162	607.63889	0.55946			299.17
299.53	0.00184	608.03063	0.55404			299.53
299.9	0.00176	608.44017	0.54855			299.9
300.26	0.00145	608.83191	0.54314			300.26
300.63	0.00116	609.22365	0.53765			300.63
300.99	9.562E-4	609.63319	0.53223			300.99
301.36	8.82076E-4	610.04274	0.52674			301.36
301.72	7.4124E-4	610.45228	0.52133			301.72
302.09	2.81671E-4	610.86182	0.51584			302.09
302.45	7.04178E-4	611.27137	0.51043			302.45
302.82	8.07952E-4	611.66311	0.50501			302.82
303.18	0.0013	612.07265	0.4996			303.18
303.55	0.0013	612.48219	0.49419			303.55
303.91	0.00148	612.89174	0.4887			303.91
304.27	0.0017	613.28348	0.48329			304.27
304.64	0.00173	613.69302	0.47779			304.64
305	0.00152	614.10256	0.47238			305
305.37	0.00166	614.51211	0.46689			305.37
305.73	0.00102	614.92165	0.46148			305.73
306.1	9.8585E-4	615.3312	0.45599			306.1
306.46	0.0013	615.75855	0.45057			306.46
306.83	0.0018	616.16809	0.44516			306.83
307.19	0.00205	616.57764	0.43975			307.19
307.56	0.0018	617.00499	0.43442			307.56
307.92	0.00159	617.41453	0.429			307.92
308.28	0.0019	617.84188	0.42359			308.28
308.65	0.00138	618.26923	0.41818			308.65
309.01	0.0013	618.69658	0.41269			309.01
309.38	9.562E-4	619.12393	0.40727			309.38
309.74	6.37467E-4	619.53348	0.40186			309.74
310.11	0.00138	619.96083	0.39645			310.11
310.47	0.0019	620.40598	0.39104			310.47
310.83	0.00173	620.83333	0.38563			310.83
311.2	0.00247	621.26068	0.38021			311.2
311.56	0.00194	621.70584	0.3748			311.56
311.93	0.00208	622.1688	0.36947			311.93
312.29	0.00201	622.59615	0.36406			312.29
312.66	0.0017	623.0235	0.35864			312.66
313.02	0.00106	623.46866	0.35323			313.02
313.38	0.0013	623.93162	0.3479			313.38
313.75	0.00106	624.39459	0.34257			313.75
314.11	0.00173	624.85755	0.33723			314.11
314.48	0.00205	625.2849	0.33182			314.48
314.84	0.00222	625.73006	0.32641			314.84
315.2	0.00212	626.19302	0.32108			315.2
315.57	0.00233	626.67379	0.31574			315.57
315.93	0.0017	627.13675	0.31041			315.93
316.29	0.00159	627.61752	0.30508			316.29
316.66	0.00166	628.09829	0.29975			316.66
317.02	0.00113	628.57906	0.29441			317.02
317.39	0.00138	629.05983	0.28908			317.39
317.75	0.00138	629.5406	0.28375			317.75
318.11	0.00127	630.02137	0.27841			318.11
318.48	0.00201	630.51994	0.27308			318.48
318.84	0.0024	631.03632	0.26783			318.84
319.2	0.00229	631.55271	0.26258			319.2
319.57	0.00247	632.06909	0.25732			319.57
319.93	0.0024	632.56766	0.25207			319.93
320.3	0.00236	633.06624	0.24682			320.3
320.66	0.00229	633.60043	0.24156			320.66
321.02	0.00201	634.13462	0.23639			321.02
321.39	0.00124	634.651	0.23114			321.39
321.75	9.8585E-4	635.20299	0.22588			321.75
322.11	0.00102	635.75499	0.22071			322.11
322.48	0.0011	636.30698	0.21554			322.48
322.84	9.8585E-4	636.85897	0.21036			322.84
323.2	0.00141	637.41097	0.20519			323.2
323.57	0.00134	637.98077	0.20002			323.57
323.93	0.00212	638.55057	0.19492			323.93
324.29	0.00226	639.13818	0.18983			324.29
324.66	0.00208	639.70798	0.18465			324.66
325.02	0.00208	640.31339	0.17948			325.02
325.38	0.00226	640.93661	0.17447			325.38
325.75	0.00176	641.55983	0.16945			325.75
326.11	0.00184	642.16524	0.16444			326.11
326.47	0.0012	642.78846	0.15942			326.47
326.83	9.8585E-4	643.41168	0.15441			326.83
327.2	8.45014E-4	644.07051	0.14947			327.2
327.56	7.04178E-4	644.74715	0.14462			327.56
327.92	7.04178E-4	645.42379	0.13976			327.92
328.29	9.562E-4	646.10043	0.13499			328.29
328.65	0.00145	646.79487	0.13013			328.65
329.01	0.00194	647.50712	0.12536			329.01
329.38	0.00205	648.23718	0.12066			329.38
329.74	0.00219	648.98504	0.11597			329.74
330.1	0.00212	649.75071	0.11143			330.1
330.46	0.00222	650.51638	0.10689			330.46
330.83	0.00258	651.28205	0.10228			330.83
331.19	0.00226	652.08333	0.09782			331.19
331.55	0.00222	652.90242	0.09344			331.55
331.92	0.00233	653.75712	0.08922			331.92
332.28	0.00258	654.59402	0.08493			332.28
332.64	0.00282	655.44872	0.08071			332.64
333	0.00272	656.33903	0.07665			333
333.37	0.00261	657.24715	0.07259			333.37
333.73	0.00275	658.17308	0.06861			333.73
334.09	0.00272	659.13462	0.06479			334.09
334.45	0.0024	660.11396	0.06105			334.45
334.82	0.0024	661.0933	0.05739			334.82
335.18	0.00233	662.10826	0.05388			335.18
335.54	0.00229	663.14103	0.05046			335.54
335.9	0.00159	664.1916	0.0472			335.9
336.27	0.00124	665.27778	0.04409			336.27
336.63	0.00134	666.36396	0.04107			336.63
336.99	0.00187	667.46795	0.03812			336.99
337.35	0.0017	668.58974	0.03534			337.35
337.72	0.00166	669.71154	0.03255			337.72
338.08	0.00166	670.86895	0.03001			338.08
338.44	0.00233	672.04416	0.02762			338.44
338.8	0.00215	673.21937	0.02531			338.8
339.17	0.00205	674.39459	0.02308			339.17
339.53	0.00166	675.60541	0.02109			339.53
339.89	0.00173	676.79843	0.0191			339.89
340.25	0.00205	678.00926	0.01719			340.25
340.61	0.00226	679.23789	0.01544			340.61
340.98	0.00201	680.44872	0.01377			340.98
341.34	0.00212	681.67735	0.01218			341.34
341.7	0.00222	682.92379	0.01074			341.7
342.06	0.00233	684.17023	0.00947			342.06
342.42	0.00254	685.41667	0.0082			342.42
342.79	0.00198	686.66311	0.007			342.79
343.15	0.00162	687.92735	0.00597			343.15
343.51	0.00141	689.1916	0.00509			343.51
343.87	0.00145	690.45584	0.00422			343.87
344.23	9.19138E-4	691.72009	0.00342			344.23
344.6	0.00124	692.98433	0.00271			344.6
344.96	7.04178E-4	694.24858	0.00207			344.96
345.32	9.19138E-4	695.53063	0.00151			345.32
345.68	7.4124E-4	696.81268	0.00111			345.68
346.04	0.00113	698.09473	7.16332E-4			346.04
346.4	0.00155	699.35897	1.59185E-4			346.4
346.77	0.00208	700.62322	-3.97962E-4			346.77
347.13	0.00187					347.13
347.49	0.00215					347.49
347.85	0.00198					347.85
348.21	0.00208					348.21
348.57	0.00215					348.57
348.94	0.00194					348.94
349.3	0.00176					349.3
349.66	0.00184					349.66
350.02	0.0018					350.02
350.38	0.0017					350.38
350.74	0.0019					350.74
351.1	0.00152					351.1
351.46	0.00127					351.46
351.83	0.00124					351.83
352.19	0.00127					352.19
352.55	0.0013					352.55
352.91	0.00152					352.91
353.27	0.00194					353.27
353.63	0.00184					353.63
353.99	0.00208					353.99
354.35	0.00226					354.35
354.72	0.00219					354.72
355.08	0.00233					355.08
355.44	0.00215					355.44
355.8	0.00141					355.8
356.16	0.00152					356.16
356.52	0.00134					356.52
356.88	6.37467E-4					356.88
357.24	7.78302E-4					357.24
357.6	3.85445E-4					357.6
357.96	2.44609E-4					357.96
358.32	6.67116E-5					358.32
358.69	6.67116E-5					358.69
359.05	3.55795E-4					359.05
359.41	8.45014E-4					359.41
359.77	0					359.77
360.13	3.55795E-4					360.13
360.49	9.19138E-4					360.49
360.85	0.00155					360.85
361.21	0.00219					361.21
361.57	0.00201					361.57
361.93	0.00194					361.93
362.29	0.00229					362.29
362.65	0.00184					362.65
363.01	0.00145					363.01
363.37	0.00134					363.37
363.73	9.8585E-4					363.73
364.09	0.00124					364.09
364.45	0.00152					364.45
364.81	0.00145					364.81
365.17	0.00208					365.17
365.53	0.00275					365.53
365.9	0.0024					365.9
366.26	0.00247					366.26
366.62	0.00205					366.62
366.98	0.00226					366.98
367.34	0.00293					367.34
367.7	0.00272					367.7
368.06	0.00222					368.06
368.42	0.00268					368.42
368.78	0.00254					368.78
369.14	0.00279					369.14
369.5	0.00254					369.5
369.86	0.00212					369.86
370.22	0.00184					370.22
370.58	0.00187					370.58
370.94	0.00159					370.94
371.3	0.00173					371.3
371.65	0.00145					371.65
372.01	0.00113					372.01
372.37	0.00155					372.37
372.73	0.00212					372.73
373.09	0.00251					373.09
373.45	0.00247					373.45
373.81	0.0024					373.81
374.17	0.00307					374.17
374.53	0.003					374.53
374.89	0.00265					374.89
375.25	0.00265					375.25
375.61	0.00212					375.61
375.97	0.00233					375.97
376.33	0.00226					376.33
376.69	0.00187					376.69
377.05	0.00198					377.05
377.41	0.00208					377.41
377.77	0.00212					377.77
378.13	0.00226					378.13
378.49	0.0024					378.49
378.84	0.00212					378.84
379.2	0.0018					379.2
379.56	0.00226					379.56
379.92	0.00233					379.92
380.28	0.00208					380.28
380.64	0.00251					380.64
381	0.0024					381
381.36	0.00258					381.36
381.72	0.00307					381.72
382.08	0.003					382.08
382.43	0.00261					382.43
382.79	0.00205					382.79
383.15	0.00184					383.15
383.51	0.00194					383.51
383.87	0.00201					383.87
384.23	0.00215					384.23
384.59	0.0018					384.59
384.95	0.00176					384.95
385.31	0.00222					385.31
385.66	0.00215					385.66
386.02	0.00258					386.02
386.38	0.00265					386.38
386.74	0.00244					386.74
387.1	0.00272					387.1
387.46	0.00268					387.46
387.81	0.00261					387.81
388.17	0.00244					388.17
388.53	0.00173					388.53
388.89	0.00187					388.89
389.25	0.00201					389.25
389.61	0.00236					389.61
389.97	0.00307					389.97
390.32	0.00265					390.32
390.68	0.00247					390.68
391.04	0.00261					391.04
391.4	0.00251					391.4
391.76	0.00215					391.76
392.11	0.00187					392.11
392.47	0.00173					392.47
392.83	0.00236					392.83
393.19	0.0024					393.19
393.55	0.0024					393.55
393.9	0.00236					393.9
394.26	0.00261					394.26
394.62	0.00268					394.62
394.98	0.00268					394.98
395.34	0.00254					395.34
395.69	0.00275					395.69
396.05	0.00265					396.05
396.41	0.00244					396.41
396.77	0.00219					396.77
397.13	0.00184					397.13
397.48	0.00148					397.48
397.84	0.0017					397.84
398.2	0.00176					398.2
398.56	0.00198					398.56
398.91	0.00226					398.91
399.27	0.00212					399.27
399.63	0.00205					399.63
399.99	0.00247					399.99
400.34	0.00279					400.34
400.7	0.00307					400.7
401.06	0.00325					401.06
401.42	0.00279					401.42
401.77	0.00272					401.77
402.13	0.00314					402.13
402.49	0.00307					402.49
402.84	0.00236					402.84
403.2	0.00208					403.2
403.56	0.00166					403.56
403.92	0.0017					403.92
404.27	0.00187					404.27
404.63	0.0012					404.63
404.99	0.0019					404.99
405.34	0.00254					405.34
405.7	0.00261					405.7
406.06	0.00303					406.06
406.42	0.00371					406.42
406.77	0.0042					406.77
407.13	0.00505					407.13
407.49	0.00409					407.49
407.84	0.00374					407.84
408.2	0.00353					408.2
408.56	0.00314					408.56
408.91	0.00296					408.91
409.27	0.00293					409.27
409.63	0.00258					409.63
409.98	0.00236					409.98
410.34	0.00194					410.34
410.7	0.00162					410.7
411.05	0.00215					411.05
411.41	0.0019					411.41
411.77	0.00159					411.77
412.12	0.00166					412.12
412.48	0.00212					412.48
412.84	0.00265					412.84
413.19	0.00303					413.19
413.55	0.00335					413.55
413.9	0.00357					413.9
414.26	0.00381					414.26
414.62	0.00395					414.62
414.97	0.00406					414.97
415.33	0.00353					415.33
415.69	0.00388					415.69
416.04	0.00353					416.04
416.4	0.00374					416.4
416.75	0.00392					416.75
417.11	0.00385					417.11
417.47	0.00371					417.47
417.82	0.00445					417.82
418.18	0.00413					418.18
418.53	0.00417					418.53
418.89	0.00374					418.89
419.25	0.00395					419.25
419.6	0.00423					419.6
419.96	0.00437					419.96
420.31	0.00441					420.31
420.67	0.00463					420.67
421.02	0.00487					421.02
421.38	0.00565					421.38
421.74	0.00579					421.74
422.09	0.00571					422.09
422.45	0.00597					422.45
422.8	0.00657					422.8
423.16	0.00709					423.16
423.51	0.00699					423.51
423.87	0.00741					423.87
424.22	0.00723					424.22
424.58	0.00783					424.58
424.93	0.00861					424.93
425.29	0.00865					425.29
425.64	0.00893					425.64
426	0.00932					426
426.36	0.00981					426.36
426.71	0.0107					426.71
427.07	0.01122					427.07
427.42	0.01094					427.42
427.78	0.01162					427.78
428.13	0.01179					428.13
428.49	0.01246					428.49
428.84	0.01267					428.84
429.2	0.01313					429.2
429.55	0.01373					429.55
429.91	0.01461					429.91
430.26	0.01482					430.26
430.62	0.01578					430.62
430.97	0.01623					430.97
431.33	0.01683					431.33
431.68	0.01783					431.68
432.03	0.01846					432.03
432.39	0.01998					432.39
432.74	0.0215					432.74
433.1	0.0227					433.1
433.45	0.02453					433.45
433.81	0.0258					433.81
434.16	0.02658					434.16
434.52	0.02789					434.52
434.87	0.02863					434.87
435.23	0.02997					435.23
435.58	0.03135					435.58
435.93	0.03268					435.93
436.29	0.03462					436.29
436.64	0.03664					436.64
437	0.03879					437
437.35	0.04077					437.35
437.71	0.04257					437.71
438.06	0.04444					438.06
438.41	0.04634					438.41
438.77	0.04832					438.77
439.12	0.05072					439.12
439.48	0.05281					439.48
439.83	0.05527					439.83
440.18	0.05788					440.18
440.54	0.06103					440.54
440.89	0.06421					440.89
441.25	0.06745					441.25
441.6	0.07063					441.6
441.95	0.07384					441.95
442.31	0.07727					442.31
442.66	0.08108					442.66
443.01	0.085					443.01
443.37	0.08867					443.37
443.72	0.09262					443.72
444.08	0.0964					444.08
444.43	0.1007					444.43
444.78	0.10455					444.78
445.14	0.10836					445.14
445.49	0.11228					445.49
445.84	0.11712					445.84
446.2	0.12121					446.2
446.55	0.12534					446.55
446.9	0.12926					446.9
447.26	0.13462					447.26
447.61	0.1396					447.61
447.96	0.14479					447.96
448.32	0.14881					448.32
448.67	0.15474					448.67
449.02	0.16003					449.02
449.38	0.16551					449.38
449.73	0.17038					449.73
450.08	0.17532					450.08
450.44	0.18019					450.44
450.79	0.18429					450.79
451.14	0.18859					451.14
451.49	0.19368					451.49
451.85	0.19777					451.85
452.2	0.20176					452.2
452.55	0.20554					452.55
452.91	0.20896					452.91
453.26	0.215					453.26
453.61	0.2193					453.61
453.96	0.224					453.96
454.32	0.22929					454.32
454.67	0.23554					454.67
455.02	0.24101					455.02
455.37	0.24722					455.37
455.73	0.25178					455.73
456.08	0.25637					456.08
456.43	0.2619					456.43
456.78	0.26777					456.78
457.14	0.27165					457.14
457.49	0.27659					457.49
457.84	0.28125					457.84
458.19	0.287					458.19
458.55	0.29283					458.55
458.9	0.29702					458.9
459.25	0.30183					459.25
459.6	0.30723					459.6
459.95	0.31291					459.95
460.31	0.31845					460.31
460.66	0.32368					460.66
461.01	0.32873					461.01
461.36	0.33426					461.36
461.72	0.33941					461.72
462.07	0.34474					462.07
462.42	0.34951					462.42
462.77	0.35495					462.77
463.12	0.36035					463.12
463.47	0.36599					463.47
463.83	0.37182					463.83
464.18	0.37747					464.18
464.53	0.38386					464.53
464.88	0.3907					464.88
465.23	0.39776					465.23
465.58	0.40447					465.58
465.94	0.41097					465.94
466.29	0.41767					466.29
466.64	0.42431					466.64
466.99	0.43094					466.99
467.34	0.43687					467.34
467.69	0.44358					467.69
468.04	0.45039					468.04
468.4	0.45787					468.4
468.75	0.46702					468.75
469.1	0.47549					469.1
469.45	0.48233					469.45
469.8	0.49176					469.8
470.15	0.49984					470.15
470.5	0.50849					470.5
470.85	0.51502					470.85
471.21	0.52272					471.21
471.56	0.53175					471.56
471.91	0.54245					471.91
472.26	0.55064					472.26
472.61	0.55992					472.61
472.96	0.56743					472.96
473.31	0.57795					473.31
473.66	0.58544					473.66
474.01	0.59356					474.01
474.36	0.60313					474.36
474.71	0.61032					474.71
475.07	0.61826					475.07
475.42	0.62793					475.42
475.77	0.63489					475.77
476.12	0.64414					476.12
476.47	0.65247					476.47
476.82	0.6579					476.82
477.17	0.66733					477.17
477.52	0.67442					477.52
477.87	0.68176					477.87
478.22	0.69009					478.22
478.57	0.69599					478.57
478.92	0.70231					478.92
479.27	0.71003					479.27
479.62	0.71674					479.62
479.97	0.72324					479.97
480.32	0.72931					480.32
480.67	0.73633					480.67
481.02	0.74286					481.02
481.37	0.74982					481.37
481.72	0.75599					481.72
482.07	0.76065					482.07
482.42	0.76581					482.42
482.77	0.77128					482.77
483.12	0.77558					483.12
483.47	0.78137					483.47
483.82	0.78561					483.82
484.17	0.79126					484.17
484.52	0.79814					484.52
484.87	0.804					484.87
485.22	0.80834					485.22
485.57	0.81459					485.57
485.92	0.81865					485.92
486.27	0.8233					486.27
486.62	0.82758					486.62
486.97	0.83217					486.97
487.32	0.8369					487.32
487.67	0.8412					487.67
488.02	0.84438					488.02
488.37	0.84844					488.37
488.72	0.85147					488.72
489.06	0.85487					489.06
489.41	0.85712					489.41
489.76	0.86178					489.76
490.11	0.86658					490.11
490.46	0.87018					490.46
490.81	0.87389					490.81
491.16	0.87869					491.16
491.51	0.88095					491.51
491.86	0.885					491.86
492.21	0.88663					492.21
492.56	0.88875					492.56
492.9	0.89122					492.9
493.25	0.89312					493.25
493.6	0.89429					493.6
493.95	0.89722					493.95
494.3	0.89814					494.3
494.65	0.89754					494.65
495	0.89736					495
495.35	0.89686					495.35
495.69	0.89764					495.69
496.04	0.89806					496.04
496.39	0.89715					496.39
496.74	0.89666					496.74
497.09	0.89845					497.09
497.44	0.89969					497.44
497.79	0.90135					497.79
498.13	0.90149					498.13
498.48	0.90227					498.48
498.83	0.90191					498.83
499.18	0.90396					499.18
499.53	0.90442					499.53
499.88	0.90551					499.88
500.22	0.90534					500.22
500.57	0.90583					500.57
500.92	0.90523					500.92
501.27	0.907					501.27
501.62	0.90668					501.62
501.96	0.9076					501.96
502.31	0.90675					502.31
502.66	0.90798					502.66
503.01	0.90823					503.01
503.36	0.90883					503.36
503.7	0.9095					503.7
504.05	0.90936					504.05
504.4	0.90957					504.4
504.75	0.91179					504.75
505.09	0.91271					505.09
505.44	0.91568					505.44
505.79	0.91872					505.79
506.14	0.92129					506.14
506.48	0.92246					506.48
506.83	0.92411					506.83
507.18	0.92595					507.18
507.53	0.92754					507.53
507.87	0.92821					507.87
508.22	0.93004					508.22
508.57	0.9317					508.57
508.92	0.93601					508.92
509.26	0.93901					509.26
509.61	0.94148					509.61
509.96	0.94476					509.96
510.31	0.94794					510.31
510.65	0.95009					510.65
511	0.95263					511
511.35	0.95532					511.35
511.69	0.95698					511.69
512.04	0.95973					512.04
512.39	0.96375					512.39
512.73	0.96626					512.73
513.08	0.96993					513.08
513.43	0.97339					513.43
513.77	0.97618					513.77
514.12	0.97999					514.12
514.47	0.98193					514.47
514.81	0.98264					514.81
515.16	0.98486					515.16
515.51	0.98549					515.51
515.85	0.98567					515.85
516.2	0.98621					516.2
516.55	0.98603					516.55
516.89	0.98839					516.89
517.24	0.99022					517.24
517.59	0.9915					517.59
517.93	0.99362					517.93
518.28	0.99623					518.28
518.63	0.99792					518.63
518.97	1					518.97
519.32	0.99813					519.32
519.66	0.99655					519.66
520.01	0.99601					520.01
520.36	0.99587					520.36
520.7	0.99517					520.7
521.05	0.99432					521.05
521.39	0.99308					521.39
521.74	0.99288					521.74
522.09	0.99439					522.09
522.43	0.99573					522.43
522.78	0.99344					522.78
523.12	0.99291					523.12
523.47	0.99108					523.47
523.81	0.98962					523.81
524.16	0.99002					524.16
524.51	0.98814					524.51
524.85	0.98549					524.85
525.2	0.98535					525.2
525.54	0.98299					525.54
525.89	0.98119					525.89
526.23	0.98073					526.23
526.58	0.97762					526.58
526.92	0.97399					526.92
527.27	0.97124					527.27
527.61	0.96784					527.61
527.96	0.96545					527.96
528.31	0.96393					528.31
528.65	0.96033					528.65
529	0.95952					529
529.34	0.9575					529.34
529.69	0.95504					529.69
530.03	0.95352					530.03
530.38	0.9508					530.38
530.72	0.9478					530.72
531.07	0.94398					531.07
531.41	0.94109					531.41
531.76	0.93993					531.76
532.1	0.93625					532.1
532.44	0.93188					532.44
532.79	0.92807					532.79
533.13	0.92599					533.13
533.48	0.92419					533.48
533.82	0.92038					533.82
534.17	0.91674					534.17
534.51	0.9173					534.51
534.86	0.9161					534.86
535.2	0.91448					535.2
535.55	0.91151					535.55
535.89	0.91					535.89
536.23	0.90766					536.23
536.58	0.90527					536.58
536.92	0.90142					536.92
537.27	0.89891					537.27
537.61	0.89821					537.61
537.96	0.89754					537.96
538.3	0.89383					538.3
538.64	0.89139					538.64
538.99	0.88941					538.99
539.33	0.88578					539.33
539.68	0.8813					539.68
540.02	0.87611					540.02
540.36	0.87138					540.36
540.71	0.87085					540.71
541.05	0.86905					541.05
541.4	0.86803					541.4
541.74	0.86521					541.74
542.08	0.86538					542.08
542.43	0.8639					542.43
542.77	0.8622					542.77
543.11	0.85991					543.11
543.46	0.85712					543.46
543.8	0.85447					543.8
544.14	0.85303					544.14
544.49	0.84942					544.49
544.83	0.84759					544.83
545.17	0.84586					545.17
545.52	0.84438					545.52
545.86	0.84293					545.86
546.2	0.84085					546.2
546.55	0.83806					546.55
546.89	0.83732					546.89
547.23	0.8358					547.23
547.58	0.83347					547.58
547.92	0.83097					547.92
548.26	0.82779					548.26
548.61	0.82454					548.61
548.95	0.8226					548.95
549.29	0.82009					549.29
549.63	0.81709					549.63
549.98	0.81512					549.98
550.32	0.81258					550.32
550.66	0.81113					550.66
551.01	0.80848					551.01
551.35	0.80725					551.35
551.69	0.80577					551.69
552.03	0.80227					552.03
552.38	0.79874					552.38
552.72	0.79609					552.72
553.06	0.79334					553.06
553.4	0.7909					553.4
553.75	0.78681					553.75
554.09	0.78133					554.09
554.43	0.77964					554.43
554.77	0.77686					554.77
555.11	0.77322					555.11
555.46	0.76905					555.46
555.8	0.76595					555.8
556.14	0.76288					556.14
556.48	0.76147					556.48
556.83	0.7573					556.83
557.17	0.75462					557.17
557.51	0.75014					557.51
557.85	0.74635					557.85
558.19	0.74205					558.19
558.53	0.73828					558.53
558.88	0.73425					558.88
559.22	0.73157					559.22
559.56	0.72708					559.56
559.9	0.72401					559.9
560.24	0.72119					560.24
560.59	0.71731					560.59
560.93	0.71357					560.93
561.27	0.70859					561.27
561.61	0.70436					561.61
561.95	0.69983					561.95
562.29	0.6955					562.29
562.63	0.69016					562.63
562.98	0.68611					562.98
563.32	0.68244					563.32
563.66	0.67929					563.66
564	0.67393					564
564.34	0.6703					564.34
564.68	0.6657					564.68
565.02	0.66185					565.02
565.36	0.65688					565.36
565.7	0.65384					565.7
566.05	0.6489					566.05
566.39	0.64562					566.39
566.73	0.64149					566.73
567.07	0.63757					567.07
567.41	0.63517					567.41
567.75	0.63189					567.75
568.09	0.62571					568.09
568.43	0.62212					568.43
568.77	0.61869					568.77
569.11	0.61555					569.11
569.45	0.61251					569.45
569.79	0.60722					569.79
570.13	0.60373					570.13
570.47	0.60157					570.47
570.81	0.59708					570.81
571.16	0.59271					571.16
571.5	0.58861					571.5
571.84	0.58452					571.84
572.18	0.58081					572.18
572.52	0.57718					572.52
572.86	0.57273					572.86
573.2	0.57015					573.2
573.54	0.56645					573.54
573.88	0.56239					573.88
574.22	0.55925					574.22
574.56	0.55635					574.56
574.9	0.55297					574.9
575.24	0.55088					575.24
575.58	0.54679					575.58
575.92	0.54343					575.92
576.26	0.53969					576.26
576.6	0.53624					576.6
576.94	0.53359					576.94
577.28	0.53079					577.28
577.61	0.52653					577.61
577.95	0.52321					577.95
578.29	0.51989					578.29
578.63	0.5171					578.63
578.97	0.51301					578.97
579.31	0.50948					579.31
579.65	0.50503					579.65
579.99	0.50168					579.99
580.33	0.49857					580.33
580.67	0.49529					580.67
581.01	0.4925					581.01
581.35	0.49074					581.35
581.69	0.48745					581.69
582.03	0.48562					582.03
582.36	0.48325					582.36
582.7	0.4817					582.7
583.04	0.48008					583.04
583.38	0.47732					583.38
583.72	0.47415					583.72
584.06	0.47221					584.06
584.4	0.46853					584.4
584.74	0.46606					584.74
585.08	0.46232					585.08
585.41	0.45992					585.41
585.75	0.45706					585.75
586.09	0.45445					586.09
586.43	0.45036					586.43
586.77	0.44898					586.77
587.11	0.44601					587.11
587.45	0.44432					587.45
587.78	0.44156					587.78
588.12	0.43906					588.12
588.46	0.43715					588.46
588.8	0.43539					588.8
589.14	0.43257					589.14
589.48	0.42999					589.48
589.81	0.42759					589.81
590.15	0.42512					590.15
590.49	0.42321					590.49
590.83	0.42042					590.83
591.17	0.4187					591.17
591.5	0.41679					591.5
591.84	0.41471					591.84
592.18	0.41269					592.18
592.52	0.41008					592.52
592.85	0.40736					592.85
593.19	0.40542					593.19
593.53	0.40288					593.53
593.87	0.40083					593.87
594.21	0.39794					594.21
594.54	0.39406					594.54
594.88	0.39152					594.88
595.22	0.3894					595.22
595.56	0.38633					595.56
595.89	0.38442					595.89
596.23	0.38118					596.23
596.57	0.3793					596.57
596.9	0.37899					596.9
597.24	0.37683					597.24
597.58	0.37482					597.58
597.92	0.3715					597.92
598.25	0.36906					598.25
598.59	0.36667					598.59
598.93	0.36515					598.93
599.26	0.36296					599.26
599.6	0.36105					599.6
599.94	0.3594					599.94
600.28	0.35961					600.28
600.61	0.35766					600.61
600.95	0.35622					600.95
601.29	0.35357					601.29
601.62	0.35018					601.62
601.96	0.34821					601.96
602.3	0.34503					602.3
602.63	0.3421					602.63
602.97	0.33959					602.97
603.31	0.33712					603.31
603.64	0.33511					603.64
603.98	0.33288					603.98
604.31	0.33098					604.31
604.65	0.32861					604.65
604.99	0.3265					604.99
605.32	0.32318					605.32
605.66	0.32156					605.66
606	0.3193					606
606.33	0.31761					606.33
606.67	0.31457					606.67
607	0.31287					607
607.34	0.31048					607.34
607.68	0.3092					607.68
608.01	0.30694					608.01
608.35	0.30479					608.35
608.68	0.30306					608.68
609.02	0.3019					609.02
609.35	0.29932					609.35
609.69	0.29696					609.69
610.03	0.29526					610.03
610.36	0.29226					610.36
610.7	0.28968					610.7
611.03	0.28622					611.03
611.37	0.28277					611.37
611.7	0.28011					611.7
612.04	0.27765					612.04
612.37	0.27476					612.37
612.71	0.27214					612.71
613.04	0.26963					613.04
613.38	0.26762					613.38
613.71	0.2642					613.71
614.05	0.26184					614.05
614.39	0.25862					614.39
614.72	0.25527					614.72
615.06	0.25248					615.06
615.39	0.24916					615.39
615.73	0.24659					615.73
616.06	0.24433					616.06
616.39	0.24168					616.39
616.73	0.23932					616.73
617.06	0.23706					617.06
617.4	0.2348					617.4
617.73	0.23279					617.73
618.07	0.23091					618.07
618.4	0.22996					618.4
618.74	0.2288					618.74
619.07	0.22721					619.07
619.41	0.22612					619.41
619.74	0.22562					619.74
620.07	0.2258					620.07
620.41	0.22466					620.41
620.74	0.22287					620.74
621.08	0.22219					621.08
621.41	0.22213					621.41
621.75	0.22167					621.75
622.08	0.22029					622.08
622.41	0.21891					622.41
622.75	0.21867					622.75
623.08	0.21895					623.08
623.42	0.21902					623.42
623.75	0.21807					623.75
624.08	0.2175					624.08
624.42	0.21711					624.42
624.75	0.21662					624.75
625.09	0.21549					625.09
625.42	0.2151					625.42
625.75	0.21383					625.75
626.09	0.2144					626.09
626.42	0.214					626.42
626.75	0.21443					626.75
627.09	0.21492					627.09
627.42	0.21584					627.42
627.75	0.21556					627.75
628.09	0.21588					628.09
628.42	0.21566					628.42
628.75	0.21549					628.75
629.09	0.2146					629.09
629.42	0.21366					629.42
629.75	0.21305					629.75
630.09	0.21206					630.09
630.42	0.21101					630.42
630.75	0.20977					630.75
631.08	0.20875					631.08
631.42	0.20853					631.42
631.75	0.20741					631.75
632.08	0.20571					632.08
632.42	0.205					632.42
632.75	0.20388					632.75
633.08	0.20288					633.08
633.41	0.20214					633.41
633.75	0.20059					633.75
634.08	0.19968					634.08
634.41	0.19858					634.41
634.74	0.19731					634.74
635.08	0.19593					635.08
635.41	0.19477					635.41
635.74	0.19364					635.74
636.07	0.19194					636.07
636.4	0.19071					636.4
636.74	0.18958					636.74
637.07	0.18828					637.07
637.4	0.18623					637.4
637.73	0.18471					637.73
638.07	0.18249					638.07
638.4	0.18129					638.4
638.73	0.17966					638.73
639.06	0.1779					639.06
639.39	0.17656					639.39
639.72	0.17631					639.72
640.06	0.17461					640.06
640.39	0.17324					640.39
640.72	0.17235					640.72
641.05	0.17133					641.05
641.38	0.16985					641.38
641.71	0.16844					641.71
642.05	0.16636					642.05
642.38	0.16526					642.38
642.71	0.16438					642.71
643.04	0.16286					643.04
643.37	0.16106					643.37
643.7	0.15989					643.7
644.03	0.15827					644.03
644.36	0.15704					644.36
644.7	0.15559					644.7
645.03	0.15368					645.03
645.36	0.15213					645.36
645.69	0.15086					645.69
646.02	0.14995					646.02
646.35	0.14831					646.35
646.68	0.14733					646.68
647.01	0.14609					647.01
647.34	0.14571					647.34
647.67	0.14511					647.67
648	0.14422					648
648.34	0.14324					648.34
648.67	0.1426					648.67
649	0.14115					649
649.33	0.13963					649.33
649.66	0.13826					649.66
649.99	0.13681					649.99
650.32	0.13543					650.32
650.65	0.13395					650.65
650.98	0.13325					650.98
651.31	0.13261					651.31
651.64	0.13204					651.64
651.97	0.13042					651.97
652.3	0.12947					652.3
652.63	0.12816					652.63
652.96	0.12703					652.96
653.29	0.12577					653.29
653.62	0.12414					653.62
653.95	0.12297					653.95
654.28	0.12245					654.28
654.61	0.12107					654.61
654.94	0.11998					654.94
655.27	0.11924					655.27
655.6	0.11828					655.6
655.93	0.11789					655.93
656.26	0.11669					656.26
656.59	0.11606					656.59
656.92	0.11546					656.92
657.24	0.11479					657.24
657.57	0.11408					657.57
657.9	0.11302					657.9
658.23	0.11165					658.23
658.56	0.11119					658.56
658.89	0.10956					658.89
659.22	0.1084					659.22
659.55	0.10772					659.55
659.88	0.10632					659.88
660.21	0.1055					660.21
660.54	0.1048					660.54
660.87	0.10367					660.87
661.19	0.10285					661.19
661.52	0.10233					661.52
661.85	0.10137					661.85
662.18	0.1007					662.18
662.51	0.10035					662.51
662.84	0.09876					662.84
663.17	0.0976					663.17
663.49	0.09686					663.49
663.82	0.0952					663.82
664.15	0.09396					664.15
664.48	0.09364					664.48
664.81	0.09248					664.81
665.14	0.0929					665.14
665.47	0.09294					665.47
665.79	0.09227					665.79
666.12	0.09209					666.12
666.45	0.09142					666.45
666.78	0.09039					666.78
667.11	0.08987					667.11
667.43	0.08902					667.43
667.76	0.08796					667.76
668.09	0.08743					668.09
668.42	0.0863					668.42
668.75	0.0857					668.75
669.07	0.08446					669.07
669.4	0.0838					669.4
669.73	0.08274					669.73
670.06	0.08192					670.06
670.38	0.08132					670.38
670.71	0.08016					670.71
671.04	0.07938					671.04
671.37	0.07843					671.37
671.69	0.07719					671.69
672.02	0.07624					672.02
672.35	0.07543					672.35
672.68	0.07515					672.68
673	0.07511					673
673.33	0.07476					673.33
673.66	0.07437					673.66
673.98	0.07335					673.98
674.31	0.07335					674.31
674.64	0.0725					674.64
674.96	0.0713					674.96
675.29	0.07048					675.29
675.62	0.06982					675.62
675.95	0.0689					675.95
676.27	0.06855					676.27
676.6	0.06735					676.6
676.93	0.06636					676.93
677.25	0.06569					677.25
677.58	0.06527					677.58
677.9	0.06441					677.9
678.23	0.06413					678.23
678.56	0.06336					678.56
678.88	0.06322					678.88
679.21	0.06315					679.21
679.54	0.0618					679.54
679.86	0.06166					679.86
680.19	0.06156					680.19
680.52	0.06124					680.52
680.84	0.06089					680.84
681.17	0.0599					681.17
681.49	0.0594					681.49
681.82	0.0593					681.82
682.15	0.05799					682.15
682.47	0.05697					682.47
682.8	0.05633					682.8
683.12	0.05598					683.12
683.45	0.05535					683.45
683.77	0.05489					683.77
684.1	0.05418					684.1
684.43	0.05404					684.43
684.75	0.05373					684.75
685.08	0.05298					685.08
685.4	0.05301					685.4
685.73	0.05252					685.73
686.05	0.05231					686.05
686.38	0.05199					686.38
686.7	0.05129					686.7
687.03	0.05086					687.03
687.35	0.05012					687.35
687.68	0.04868					687.68
688	0.04846					688
688.33	0.04684					688.33
688.65	0.04656					688.65
688.98	0.04634					688.98
689.3	0.04596					689.3
689.63	0.04539					689.63
689.95	0.04606					689.95
690.28	0.04578					690.28
690.6	0.04592					690.6
690.93	0.0455					690.93
691.25	0.045					691.25
691.58	0.04433					691.58
691.9	0.04447					691.9
692.22	0.04317					692.22
692.55	0.04247					692.55
692.87	0.04225					692.87
693.2	0.04179					693.2
693.52	0.04123					693.52
693.85	0.04112					693.85
694.17	0.04101					694.17
694.49	0.04045					694.49
694.82	0.03992					694.82
695.14	0.03929					695.14
695.47	0.03914					695.47
695.79	0.03879					695.79
696.11	0.0383					696.11
696.44	0.03791					696.44
696.76	0.03802					696.76
697.09	0.03816					697.09
697.41	0.0377					697.41
697.73	0.03731					697.73
698.06	0.0371					698.06
698.38	0.03596					698.38
698.7	0.03576					698.7
699.03	0.03544					699.03
699.35	0.03484					699.35
699.67	0.03488					699.67
700	0.03378					700
700.32	0.03328					700.32
700.64	0.03318					700.64
700.97	0.0329					700.97
701.29	0.03251					701.29
701.61	0.0324					701.61
701.94	0.03219					701.94
702.26	0.03283					702.26
702.58	0.03297					702.58
702.9	0.03283					702.9
703.23	0.03205					703.23
703.55	0.03205					703.55
703.87	0.0318					703.87
704.19	0.03145					704.19
704.52	0.03081					704.52
704.84	0.03025					704.84
705.16	0.03007					705.16
705.48	0.02997					705.48
705.81	0.02955					705.81
706.13	0.02955					706.13
706.45	0.02929					706.45
706.77	0.02989					706.77
707.1	0.02941					707.1
707.42	0.02951					707.42
707.74	0.02912					707.74
708.06	0.02831					708.06
708.38	0.02753					708.38
708.71	0.02707					708.71
709.03	0.02594					709.03
709.35	0.02612					709.35
709.67	0.02594					709.67
709.99	0.02562					709.99
710.32	0.0258					710.32
710.64	0.02552					710.64
710.96	0.02591					710.96
711.28	0.02573					711.28
711.6	0.02542					711.6
711.92	0.02506					711.92
712.25	0.02492					712.25
712.57	0.02502					712.57
712.89	0.02468					712.89
713.21	0.02414					713.21
713.53	0.02442					713.53
713.85	0.0239					713.85
714.17	0.02368					714.17
714.49	0.02333					714.49
714.81	0.0227					714.81
715.14	0.02248					715.14
715.46	0.02224					715.46
715.78	0.02171					715.78
716.1	0.02164					716.1
716.42	0.02142					716.42
716.74	0.02185					716.74
717.06	0.02136					717.06
717.38	0.02181					717.38
717.7	0.02181					717.7
718.02	0.02132					718.02
718.34	0.02142					718.34
718.66	0.0209					718.66
718.98	0.0204					718.98
719.3	0.02058					719.3
719.62	0.02037					719.62
719.94	0.02008					719.94
720.27	0.02005					720.27
720.59	0.01945					720.59
720.91	0.01994					720.91
721.23	0.01977					721.23
721.55	0.01966					721.55
721.87	0.01863					721.87
722.19	0.01835					722.19
722.51	0.01849					722.51
722.83	0.01885					722.83
723.14	0.01846					723.14
723.46	0.01843					723.46
723.78	0.01807					723.78
724.1	0.01867					724.1
724.42	0.0186					724.42
724.74	0.01811					724.74
725.06	0.01729					725.06
725.38	0.01701					725.38
725.7	0.01677					725.7
726.02	0.0168					726.02
726.34	0.01613					726.34
726.66	0.01606					726.66
726.98	0.01609					726.98
727.3	0.01645					727.3
727.62	0.01623					727.62
727.94	0.01546					727.94
728.25	0.0156					728.25
728.57	0.01567					728.57
728.89	0.01535					728.89
729.21	0.01567					729.21
729.53	0.01563					729.53
729.85	0.01497					729.85
730.17	0.01543					730.17
730.49	0.01486					730.49
730.8	0.01504					730.8
731.12	0.01486					731.12
731.44	0.01447					731.44
731.76	0.01419					731.76
732.08	0.01475					732.08
732.4	0.01384					732.4
732.71	0.01401					732.71
733.03	0.01362					733.03
733.35	0.01345					733.35
733.67	0.0132					733.67
733.99	0.0131					733.99
734.31	0.01282					734.31
734.62	0.01341					734.62
734.94	0.0131					734.94
735.26	0.01324					735.26
735.58	0.01302					735.58
735.89	0.01282					735.89
736.21	0.01214					736.21
736.53	0.01207					736.53
736.85	0.01207					736.85
737.16	0.01172					737.16
737.48	0.012					737.48
737.8	0.01228					737.8
738.12	0.01179					738.12
738.43	0.0119					738.43
738.75	0.01158					738.75
739.07	0.01133					739.07
739.39	0.01162					739.39
739.7	0.01101					739.7
740.02	0.01112					740.02
740.34	0.01122					740.34
740.65	0.0113					740.65
740.97	0.01154					740.97
741.29	0.01133					741.29
741.61	0.01108					741.61
741.92	0.01101					741.92
742.24	0.01112					742.24
742.56	0.01122					742.56
742.87	0.01126					742.87
743.19	0.01087					743.19
743.51	0.01056					743.51
743.82	0.01084					743.82
744.14	0.0107					744.14
744.45	0.00988					744.45
744.77	0.00925					744.77
745.09	0.00914					745.09
745.4	0.00893					745.4
745.72	0.00914					745.72
746.04	0.00872					746.04
746.35	0.00875					746.35
746.67	0.00872					746.67
746.98	0.00956					746.98
747.3	0.00942					747.3
747.62	0.0097					747.62
747.93	0.00964					747.93
748.25	0.00935					748.25
748.56	0.00882					748.56
748.88	0.00918					748.88
749.19	0.00872					749.19
749.51	0.00861					749.51
749.83	0.00844					749.83
750.14	0.00815					750.14
750.46	0.00791					750.46
750.77	0.00819					750.77
751.09	0.0078					751.09
751.4	0.0078					751.4
751.72	0.00819					751.72
752.03	0.00815					752.03
752.35	0.00794					752.35
752.66	0.00829					752.66
752.98	0.00822					752.98
753.29	0.00822					753.29
753.61	0.00819					753.61
753.92	0.00837					753.92
754.24	0.00829					754.24
754.55	0.00865					754.55
754.87	0.00882					754.87
755.18	0.00914					755.18
755.5	0.00861					755.5
755.81	0.00805					755.81
756.13	0.0072					756.13
756.44	0.00709					756.44
756.75	0.00706					756.75
757.07	0.00649					757.07
757.38	0.00603					757.38
757.7	0.00614					757.7
758.01	0.00674					758.01
758.33	0.00685					758.33
758.64	0.00699					758.64
758.95	0.00657					758.95
759.27	0.00663					759.27
759.58	0.00657					759.58
759.9	0.00703					759.9
760.21	0.00653					760.21
760.52	0.00695					760.52
760.84	0.00713					760.84
761.15	0.0078					761.15
761.46	0.00801					761.46
761.78	0.00801					761.78
762.09	0.00752					762.09
762.4	0.00783					762.4
762.72	0.00748					762.72
763.03	0.00709					763.03
763.34	0.00689					763.34
763.66	0.00671					763.66
763.97	0.00653					763.97
764.28	0.00667					764.28
764.6	0.00629					764.6
764.91	0.00643					764.91
765.22	0.00646					765.22
765.54	0.00607					765.54
765.85	0.00593					765.85
766.16	0.00625					766.16
766.47	0.00617					766.47
766.79	0.00614					766.79
767.1	0.00586					767.1
767.41	0.00569					767.41
767.73	0.00597					767.73
768.04	0.00597					768.04
768.35	0.00583					768.35
768.66	0.00571					768.66
768.97	0.00583					768.97
769.29	0.00589					769.29
769.6	0.00554					769.6
769.91	0.00511					769.91
770.22	0.00547					770.22
770.54	0.0054					770.54
770.85	0.00526					770.85
771.16	0.0054					771.16
771.47	0.00529					771.47
771.78	0.00561					771.78
772.1	0.00589					772.1
772.41	0.00561					772.41
772.72	0.00586					772.72
773.03	0.00603					773.03
773.34	0.00586					773.34
773.65	0.00579					773.65
773.97	0.00597					773.97
774.28	0.00586					774.28
774.59	0.00583					774.59
774.9	0.00529					774.9
775.21	0.00543					775.21
775.52	0.00497					775.52
775.83	0.0048					775.83
776.14	0.00441					776.14
776.46	0.00423					776.46
776.77	0.00448					776.77
777.08	0.00455					777.08
777.39	0.00459					777.39
777.7	0.00473					777.7
778.01	0.00459					778.01
778.32	0.00487					778.32
778.63	0.00459					778.63
778.94	0.00459					778.94
779.25	0.00477					779.25
779.56	0.00451					779.56
779.87	0.00423					779.87
780.18	0.00437					780.18
780.49	0.00406					780.49
780.81	0.00427					780.81
781.12	0.00374					781.12
781.43	0.00395					781.43
781.74	0.00381					781.74
782.05	0.00409					782.05
782.36	0.00413					782.36
782.67	0.0042					782.67
782.98	0.00385					782.98
783.29	0.00413					783.29
783.6	0.00335					783.6
783.91	0.00377					783.91
784.22	0.00381					784.22
784.52	0.00413					784.52
784.83	0.00417					784.83
785.14	0.00451					785.14
785.45	0.00413					785.45
785.76	0.00477					785.76
786.07	0.00463					786.07
786.38	0.00491					786.38
786.69	0.00463					786.69
787	0.00441					787
787.31	0.00409					787.31
787.62	0.00417					787.62
787.93	0.00395					787.93
788.24	0.00377					788.24
788.55	0.00371					788.55
788.86	0.00318					788.86
789.16	0.00342					789.16
789.47	0.00371					789.47
789.78	0.0036					789.78
790.09	0.00357					790.09
790.4	0.00353					790.4
790.71	0.00293					790.71
791.02	0.00342					791.02
791.32	0.00325					791.32
791.63	0.00293					791.63
791.94	0.00314					791.94
792.25	0.00307					792.25
792.56	0.00321					792.56
792.87	0.00318					792.87
793.17	0.00321					793.17
793.48	0.00328					793.48
793.79	0.00346					793.79
794.1	0.00314					794.1
794.41	0.00296					794.41
794.71	0.00226					794.71
795.02	0.00307					795.02
795.33	0.00289					795.33
795.64	0.00296					795.64
795.95	0.00328					795.95
796.25	0.00367					796.25
796.56	0.00353					796.56
796.87	0.00392					796.87
797.18	0.00349					797.18
797.48	0.00381					797.48
797.79	0.00377					797.79
798.1	0.00374					798.1
798.41	0.00342					798.41
798.71	0.00374					798.71
799.02	0.00371					799.02
799.33	0.00363					799.33
799.63	0.00325					799.63
799.94	0.00321					799.94
800.25	0.0036					800.25
800.55	0.00395					800.55
800.86	0.00349					800.86
801.17	0.00332					801.17
801.48	0.00371					801.48
801.78	0.00388					801.78
802.09	0.00349					802.09
802.39	0.003					802.39
802.7	0.00251					802.7
803.01	0.00279					803.01
803.31	0.00286					803.31
803.62	0.00233					803.62
803.93	0.00219					803.93
804.23	0.00286					804.23
804.54	0.00268					804.54
804.85	0.00296					804.85
805.15	0.00279					805.15
805.46	0.00279					805.46
805.76	0.003					805.76
806.07	0.00311					806.07
806.37	0.00265					806.37
806.68	0.00282					806.68
806.99	0.00261					806.99
807.29	0.00251					807.29
807.6	0.00303					807.6
807.9	0.00307					807.9
808.21	0.00314					808.21
808.51	0.003					808.51
808.82	0.003					808.82
809.12	0.00296					809.12
809.43	0.00357					809.43
809.74	0.00335					809.74
810.04	0.00339					810.04
810.35	0.00342					810.35
810.65	0.00349					810.65
810.96	0.00353					810.96
811.26	0.00367					811.26
811.57	0.003					811.57
811.87	0.00244					811.87
812.18	0.00222					812.18
812.48	0.00198					812.48
812.78	0.00166					812.78
813.09	0.00106					813.09
813.39	0.00124					813.39
813.7	0.00141					813.7
814	0.00194					814
814.31	0.00222					814.31
814.61	0.00201					814.61
814.92	0.00222					814.92
815.22	0.00244					815.22
815.52	0.00251					815.52
815.83	0.00293					815.83
816.13	0.00279					816.13
816.44	0.00282					816.44
816.74	0.00268					816.74
817.04	0.00275					817.04
817.35	0.00318					817.35
817.65	0.00265					817.65
817.96	0.00201					817.96
818.26	0.00162					818.26
818.56	0.00166					818.56
818.87	0.00176					818.87
819.17	0.00173					819.17
819.47	0.00162					819.47
819.78	0.0017					819.78
820.08	0.00208					820.08
820.38	0.00247					820.38
820.69	0.00219					820.69
820.99	0.00251					820.99
821.29	0.00229					821.29
821.6	0.00222					821.6
821.9	0.00251					821.9
822.2	0.00233					822.2
822.5	0.00244					822.5
822.81	0.0024					822.81
823.11	0.00244					823.11
823.41	0.00219					823.41
823.72	0.0017					823.72
824.02	0.00194					824.02
824.32	0.00201					824.32
824.62	0.00152					824.62
824.93	0.00159					824.93
825.23	0.00148					825.23
825.53	0.00201					825.53
825.83	0.00229					825.83
826.14	0.00194					826.14
826.44	0.00194					826.44
826.74	0.00251					826.74
827.04	0.00215					827.04
827.34	0.00215					827.34
827.65	0.00219					827.65
827.95	0.00226					827.95
828.25	0.00198					828.25
828.55	0.00184					828.55
828.85	0.00113					828.85
829.15	0.00116					829.15
829.46	0.00116					829.46
829.76	0.00124					829.76
830.06	8.82076E-4					830.06
830.36	0.00127					830.36
830.66	0.00152					830.66
830.96	0.00201					830.96
831.26	0.00226					831.26
831.57	0.00208					831.57
831.87	0.00166					831.87
832.17	0.00176					832.17
832.47	0.0018					832.47
832.77	0.00194					832.77
833.07	0.00159					833.07
833.37	0.0012					833.37
833.67	0.00173					833.67
833.97	0.00251					833.97
834.27	0.00268					834.27
834.57	0.00261					834.57
834.87	0.00205					834.87
835.17	0.00268					835.17
835.48	0.00314					835.48
835.78	0.00247					835.78
836.08	0.00148					836.08
836.38	0.00138					836.38
836.68	0.00127					836.68
836.98	0.00138					836.98
837.28	0.00116					837.28
837.58	0.00124					837.58
837.88	0.00162					837.88
838.18	0.00176					838.18
838.48	0.00198					838.48
838.78	0.0019					838.78
839.08	0.00194					839.08
839.38	0.00148					839.38
839.68	0.0011					839.68
839.98	6.67116E-4					839.98
840.27	0.00159					840.27
840.57	0.00141					840.57
840.87	0.0017					840.87
841.17	0.0018					841.17
841.47	0.00201					841.47
841.77	0.00219					841.77
842.07	0.0024					842.07
842.37	0.00187					842.37
842.67	0.00198					842.67
842.97	0.00173					842.97
843.27	0.00184					843.27
843.57	0.00138					843.57
843.86	0.00184					843.86
844.16	0.00166					844.16
844.46	0.00173					844.46
844.76	0.0018					844.76
845.06	0.00173					845.06
845.36	0.00162					845.36
845.66	0.0024					845.66
845.95	0.00215					845.95
846.25	0.00187					846.25
846.55	0.00148					846.55
846.85	0.00116					846.85
847.15	0.00124					847.15
847.45	0.00141					847.45
847.74	0.00106					847.74
848.04	0.00102					848.04
848.34	0.00148					848.34
848.64	0.00162					848.64
848.94	0.00212					848.94
849.23	0.00233					849.23
849.53	0.00208					849.53
849.83	0.00184					849.83
850.13	0.00187					850.13
850.42	0.00226					850.42
850.72	0.00226					850.72
851.02	0.00205					851.02
851.32	0.00205					851.32
851.61	0.00194					851.61
851.91	0.0024					851.91
852.21	0.00229					852.21
852.51	0.00159					852.51
852.8	0.00184					852.8
853.1	0.0017					853.1
853.4	0.0013					853.4
853.69	0.00162					853.69
853.99	0.0013					853.99
854.29	0.00138					854.29
854.58	0.00152					854.58
854.88	0.00145					854.88
855.18	0.0012					855.18
855.47	0.00127					855.47
855.77	0.00102					855.77
856.07	9.8585E-4					856.07
856.36	4.96631E-4					856.36
856.66	8.07952E-4					856.66
856.96	6.67116E-4					856.96
857.25	0.0011					857.25
857.55	0.00116					857.55
857.84	0.00148					857.84
858.14	0.00155					858.14
858.44	0.00187					858.44
858.73	0.00145					858.73
859.03	0.0017					859.03
859.32	0.00152					859.32
859.62	0.00152					859.62
859.92	0.00124					859.92
860.21	0.0017					860.21
860.51	0.00187					860.51
860.8	0.0024					860.8
861.1	0.00254					861.1
861.39	0.00258					861.39
861.69	0.00229					861.69
861.98	0.00205					861.98
862.28	0.00212					862.28
862.57	0.00201					862.57
862.87	0.00208					862.87
863.16	0.00215					863.16
863.46	0.00219					863.46
863.75	0.00286					863.75
864.05	0.00311					864.05
864.34	0.00254					864.34
864.64	0.00236					864.64
864.93	0.00194					864.93
865.23	0.00141					865.23
865.52	0.0018					865.52
865.82	0.00116					865.82
866.11	0.0012					866.11
866.41	9.8585E-4					866.41
866.7	0.0012					866.7
866.99	0.00106					866.99
867.29	7.04178E-4					867.29
867.58	4.96631E-4					867.58
867.88	8.07952E-4					867.88
868.17	6.37467E-4					868.17
868.47	8.45014E-4					868.47
868.76	0.00116					868.76
869.05	0.00159					869.05
869.35	0.00187					869.35
869.64	0.00176					869.64
869.93	0.00173					869.93
870.23	0.00187					870.23
870.52	0.00176					870.52
870.81	0.0013					870.81
871.11	0.0011					871.11
871.4	9.562E-4					871.4
871.69	0.00124					871.69
871.99	0.00134					871.99
872.28	0.0013					872.28
872.57	0.00145					872.57
872.87	0.00148					872.87
873.16	0.00127					873.16
873.45	0.00166					873.45
873.75	0.0013					873.75
874.04	0.00127					874.04
874.33	0.00148					874.33
874.62	0.00152					874.62
874.92	0.00236					874.92
875.21	0.00236					875.21
875.5	8.82076E-4					875.5